04-29 15:22:24 Engine Gobblet Java Client v1.2.1 by RIT CS Department starting up
04-29 15:22:24 Engine Loading player LastPlace
04-29 15:22:24 Engine Loading player RandomPlayer
04-29 15:22:24 Engine Loaded 2 players
04-29 15:22:25 Engine Calling init() for player 1
04-29 15:22:25 Engine Calling init() for player 2
04-29 15:22:25 Model  GUI accessible at:
https://yendor.cs.rit.edu/~royale/gobblet/gameview/animations.500/public.ce66e044f5a7d1739d3b7f1c439933ff14ad7b97535ffbf21d1c8/gameid.57589/myplayer.0/
04-29 15:22:25 Engine Processing move #1
04-29 15:22:25 Engine Getting move from player 1
04-29 15:22:25 Engine Validating move: PlayerMove [playerId=1, stack=1, size=4, start=[-1, -1], end=[0, 0]]
04-29 15:22:25 Engine Move validated. Notifying other players
04-29 15:22:25 Engine Notifying player 1 of last move
04-29 15:22:25 Engine Notifying player 2 of last move
04-29 15:22:25 -+-+-+-+-Easy PlayerMove(1,1,4,-1,-1,0,0)
04-29 15:22:25 Engine Finished processing player 1's move
04-29 15:22:25 Engine Processing move #2
04-29 15:22:25 Engine Getting move from player 2
04-29 15:22:25 -+-+-+-+-Easy Entering move( )
04-29 15:22:25 -+-+-+-+-Easy Trying from a stash.
04-29 15:22:25 Engine Validating move: PlayerMove [playerId=2, stack=3, size=4, start=[-1, -1], end=[3, 2]]
04-29 15:22:26 Engine Move validated. Notifying other players
04-29 15:22:26 Engine Notifying player 1 of last move
04-29 15:22:26 Engine Notifying player 2 of last move
04-29 15:22:26 -+-+-+-+-Easy PlayerMove(2,3,4,-1,-1,3,2)
04-29 15:22:26 Engine Finished processing player 2's move
04-29 15:22:26 Engine Processing move #3
04-29 15:22:26 Engine Getting move from player 1
04-29 15:22:26 Engine Validating move: PlayerMove [playerId=1, stack=2, size=4, start=[-1, -1], end=[0, 1]]
04-29 15:22:26 Engine Move validated. Notifying other players
04-29 15:22:26 Engine Notifying player 1 of last move
04-29 15:22:26 Engine Notifying player 2 of last move
04-29 15:22:26 -+-+-+-+-Easy PlayerMove(1,2,4,-1,-1,0,1)
04-29 15:22:26 Engine Finished processing player 1's move
04-29 15:22:26 Engine Processing move #4
04-29 15:22:26 Engine Getting move from player 2
04-29 15:22:26 -+-+-+-+-Easy Entering move( )
04-29 15:22:26 -+-+-+-+-Easy Trying from a stash.
04-29 15:22:26 Engine Validating move: PlayerMove [playerId=2, stack=2, size=4, start=[-1, -1], end=[2, 3]]
04-29 15:22:26 Engine Move validated. Notifying other players
04-29 15:22:26 Engine Notifying player 1 of last move
04-29 15:22:26 Engine Notifying player 2 of last move
04-29 15:22:26 -+-+-+-+-Easy PlayerMove(2,2,4,-1,-1,2,3)
04-29 15:22:26 Engine Finished processing player 2's move
04-29 15:22:26 Engine Processing move #5
04-29 15:22:26 Engine Getting move from player 1
04-29 15:22:26 Engine Validating move: PlayerMove [playerId=1, stack=3, size=4, start=[-1, -1], end=[0, 2]]
04-29 15:22:26 Engine Move validated. Notifying other players
04-29 15:22:26 Engine Notifying player 1 of last move
04-29 15:22:26 Engine Notifying player 2 of last move
04-29 15:22:26 -+-+-+-+-Easy PlayerMove(1,3,4,-1,-1,0,2)
04-29 15:22:26 Engine Finished processing player 1's move
04-29 15:22:26 Engine Processing move #6
04-29 15:22:26 Engine Getting move from player 2
04-29 15:22:26 -+-+-+-+-Easy Entering move( )
04-29 15:22:26 -+-+-+-+-Easy Trying from a stash.
04-29 15:22:26 Engine Validating move: PlayerMove [playerId=2, stack=3, size=3, start=[-1, -1], end=[2, 2]]
04-29 15:22:27 Engine Move validated. Notifying other players
04-29 15:22:27 Engine Notifying player 1 of last move
04-29 15:22:27 Engine Notifying player 2 of last move
04-29 15:22:27 -+-+-+-+-Easy PlayerMove(2,3,3,-1,-1,2,2)
04-29 15:22:27 Engine Finished processing player 2's move
04-29 15:22:27 Engine Processing move #7
04-29 15:22:27 Engine Getting move from player 1
04-29 15:22:27 Engine Validating move: PlayerMove [playerId=1, stack=1, size=3, start=[-1, -1], end=[0, 3]]
04-29 15:22:27 Engine Move validated. Notifying other players
04-29 15:22:27 Engine Notifying player 1 of last move
04-29 15:22:27 Engine Notifying player 2 of last move
04-29 15:22:27 -+-+-+-+-Easy PlayerMove(1,1,3,-1,-1,0,3)
04-29 15:22:27 Engine Finished processing player 1's move
04-29 15:22:27 Engine Game has ended
